Some((
    red: 0.045164213,
    green: 0.05081781,
    blue: 0.079089224,
    alpha: 1.0,
))