Some((
    red: 0.294663,
    green: 0.2980374,
    blue: 0.4973299,
))