Some((
    red: 0.07033157,
    green: 0.0743405,
    blue: 0.11844838,
    alpha: 1.0,
))