Some((
    red: 0.23595726,
    green: 0.23595726,
    blue: 0.23595726,
))